# Camera calibration for DD2419 fish eye cameras.
# You should probably look into replacing this!

image_width: 640
image_height: 480
camera_name: camera
camera_matrix:
  rows: 3
  cols: 3
  data: [231.250001, 0.000000, 320.519378, 0.000000, 231.065552, 240.631482, 0.000000, 0.000000, 1.000000]
distortion_model: plumb_bob
distortion_coefficients:
  rows: 1
  cols: 5
  data: [0.061687, -0.049761, -0.008166, 0.004284, 0.000000]
rectification_matrix:
  rows: 3
  cols: 3
  data: [1.000000, 0.000000, 0.000000, 0.000000, 1.000000, 0.000000, 0.000000, 0.000000, 1.000000]
projection_matrix:
  rows: 3
  cols: 4
  data: [231.25, 0.000000, 322.360322, 0.000000, 0.000000, 231.06, 240.631, 0.000000, 0.000000, 0.000000, 1.000000, 0.000000]
